0 2.645
4 1.38793
8 2.79574
12 4.14293
16 5.45703
20 6.82128
24 8.09171
28 9.48028
32 10.6242
36 12.0261
40 12.5431
44 14.933
48 16.1128
52 17.4117
56 18.9959
60 19.4742
64 20.8741
68 22.4127
72 23.301
76 24.6433
80 26.4026
84 26.5235
88 29.3187
92 29.7831
96 30.9079
100 32.6904
104 34.2443
108 35.0991
112 36.6133
116 37.6807
120 39.2863
124 40.6158
128 42.2303
132 43.5572
136 44.2492
140 45.3074
144 45.6418
148 48.9175
152 50.4481
156 50.3632
160 50.0156
164 52.4884
168 54.0541
172 54.9784
176 56.4645
180 57.1973
184 58.2647
188 59.4185
192 61.0784
196 62.982
200 63.1512
204 66.1371
208 67.7083
212 68.564
216 69.2197
220 62.7049
224 72.6329
228 72.2548
232 70.1542
236 74.6954
240 76.1059
244 76.561
248 60.9411
252 78.6026
256 77.283
260 69.7799
264 80.5861
268 84.2767
272 85.3735
276 85.9679
280 85.8238
284 73.1959
288 87.7246
292 90.796
296 92.2262
300 92.3503
304 93.5673
308 94.464
312 95.6175
316 96.6213
320 87.7915
324 99.1887
328 99.2136
332 102.882
336 103.099
340 103.422
344 104.99
348 105.518
352 105.31
356 104.078
360 112.959
364 113.219
368 112.007
372 109.027
376 116.157
380 116.618
384 119.738
388 120.254
392 120.894
396 119.457
400 124.708
404 120.525
408 126.945
412 127.574
416 129.032
420 127.912
424 131.351
428 131.834
432 134.057
436 135.868
440 135.593
444 137.632
448 137.15
452 139.42
456 135.977
460 143.302
464 141.528
468 146.09
472 144.1
476 61.3995
480 61.9555
484 62.9021
488 60.0505
492 62.3298
496 64.2778
500 64.0041
504 65.3654
508 64.9824
512 66.8975
516 66.9608
520 67.7922
524 67.5258
528 67.9318
532 67.1675
536 66.3448
540 68.3501
544 69.7704
548 70.9891
552 48.8128
556 71.4332
560 68.2927
564 70.8098
568 68.2774
572 74.2905
576 70.3383
580 74.421
584 73.3254
588 76.2844
592 74.6344
596 77.2671
600 77.69
604 77.3615
608 77.8888
612 78.5068
616 79.2385
620 77.0521
624 76.6632
628 80.7925
632 80.674
636 79.9698
640 79.0856
644 81.6171
648 79.2515
652 84.1236
656 81.9283
660 74.5931
664 81.4824
668 82.3167
672 81.598
676 78.277
680 83.9765
684 87.7992
688 88.2334
692 88.2259
696 86.6966
700 86.0797
704 88.42
708 88.7329
712 89.307
716 90.5928
720 89.5857
724 83.5112
728 89.358
732 87.1169
736 92.2306
740 86.7323
744 92.5316
748 93.3367
752 94.2947
756 92.0772
760 92.5362
764 93.7711
768 94.8324
772 94.521
776 96.6978
780 95.9587
784 91.6691
788 91.7079
792 97.2018
796 96.3972
800 99.1264
804 98.0847
808 98.9711
812 100.185
816 99.1977
820 99.933
824 100.359
828 89.0897
832 102.646
836 99.0874
840 100.925
844 99.2532
848 101.593
852 105.806
856 100.058
860 104.306
864 105.014
868 106.061
872 104.991
876 103.933
880 88.4111
884 43.3556
888 52.5553
892 52.7811
896 50.6072
900 50.344
904 43.449
908 49.3518
912 96.5693
916 97.8737
920 103.122
924 87.3016
928 85.526
932 89.2592
936 97.4391
940 99.4393
944 91.1197
948 105.574
952 112.81
956 110.989
960 116.047
964 116.941
968 115.873
972 111.589
976 111.447
980 116.3
984 108.825
988 68.6469
992 76.4135
996 76.3335
1000 72.4323
