0 0 0
0 1 0
0 2 0
0 3 0
0 4 0
0 5 0
0 6 0
0 7 0
0 8 0
0 9 0
0 10 0
0 11 0
0 12 0
0 13 0
0 14 0
1 0 0
1 1 0
1 2 0
1 3 0
1 4 0
1 5 0
1 6 0
1 7 0
1 8 0
1 9 0
1 10 0
1 11 0
1 12 0
1 13 0
1 14 0
2 0 0
2 1 0
2 2 0
2 3 0
2 4 0
2 5 0
2 6 0
2 7 0
2 8 0
2 9 0
2 10 0
2 11 0
2 12 0
2 13 0
2 14 0
3 0 0
3 1 0
3 2 0
3 3 0
3 4 0
3 5 0
3 6 0
3 7 0
3 8 0
3 9 0
3 10 0
3 11 0
3 12 0
3 13 0
3 14 0
4 0 0
4 1 0
4 2 0
4 3 0
4 4 0
4 5 0
4 6 0
4 7 0
4 8 0
4 9 0
4 10 0
4 11 0
4 12 0
4 13 0
4 14 0
5 0 0
5 1 0
5 2 0
5 3 0
5 4 0
5 5 0
5 6 0
5 7 0
5 8 0
5 9 0
5 10 0
5 11 0
5 12 0
5 13 0
5 14 0
6 0 0
6 1 0
6 2 0
6 3 0
6 4 0
6 5 0
6 6 0
6 7 0
6 8 0
6 9 0
6 10 0
6 11 0
6 12 0
6 13 0
6 14 0
7 0 0
7 1 0
7 2 0
7 3 0
7 4 0
7 5 0
7 6 0
7 7 0
7 8 0
7 9 0
7 10 0
7 11 0
7 12 0
7 13 0
7 14 0
8 0 0
8 1 0
8 2 0
8 3 0
8 4 0
8 5 0
8 6 0
8 7 0
8 8 0
8 9 0
8 10 0
8 11 0
8 12 0
8 13 0
8 14 0
9 0 0
9 1 0
9 2 0
9 3 0
9 4 0
9 5 0
9 6 0
9 7 0
9 8 0
9 9 0
9 10 0
9 11 0
9 12 0
9 13 0
9 14 0
10 0 0
10 1 0
10 2 0
10 3 0
10 4 0
10 5 0
10 6 0
10 7 0
10 8 0
10 9 0
10 10 0
10 11 0
10 12 0
10 13 0
10 14 0
11 0 0
11 1 0
11 2 0
11 3 0
11 4 0
11 5 0
11 6 0
11 7 0
11 8 0
11 9 0
11 10 0
11 11 0
11 12 0
11 13 0
11 14 0
12 0 0
12 1 0
12 2 0
12 3 0
12 4 0
12 5 0
12 6 0
12 7 0
12 8 0
12 9 0
12 10 0.0001
12 11 0
12 12 0
12 13 0
12 14 0
13 0 0
13 1 0
13 2 0
13 3 0
13 4 0
13 5 0
13 6 0
13 7 0
13 8 0
13 9 0.0006
13 10 0.0036
13 11 0.0006
13 12 0
13 13 0
13 14 0
14 0 0
14 1 0
14 2 0
14 3 0
14 4 0
14 5 0
14 6 0
14 7 0
14 8 0.0015
14 9 0.018
14 10 0.0576
14 11 0.018
14 12 0.0015
14 13 0
14 14 0
15 0 0
15 1 0
15 2 0
15 3 0
15 4 0
15 5 0
15 6 0
15 7 0.002
15 8 0.036
15 9 0.225
15 10 0.522
15 11 0.225
15 12 0.036
15 13 0.002
15 14 0
16 0 0
16 1 0
16 2 0
16 3 0
16 4 0
16 5 0
16 6 0.0015
16 7 0.036
16 8 0.336
16 9 1.476
16 10 2.8305
16 11 1.476
16 12 0.336
16 13 0.036
16 14 0
17 0 0
17 1 0
17 2 0
17 3 0
17 4 0
17 5 0.0006
17 6 0.018
17 7 0.225
17 8 1.476
17 9 5.214
17 10 8.9136
17 11 5.214
17 12 1.476
17 13 0.2244
17 14 0
18 0 0
18 1 0
18 2 0
18 3 0
18 4 0.0001
18 5 0.0036
18 6 0.0576
18 7 0.522
18 8 2.8305
18 9 8.9136
18 10 14.4256
18 11 8.9136
18 12 2.8304
18 13 0.5184
18 14 0
19 0 0
19 1 0
19 2 0
19 3 0
19 4 0
19 5 0.0006
19 6 0.018
19 7 0.225
19 8 1.476
19 9 5.214
19 10 8.9136
19 11 5.214
19 12 1.476
19 13 0.2244
19 14 0
20 0 0
20 1 0
20 2 0
20 3 0
20 4 0
20 5 0
20 6 0.0015
20 7 0.036
20 8 0.3361
20 9 1.476
20 10 2.8305
20 11 1.476
20 12 0.336
20 13 0.036
20 14 0
21 0 0
21 1 0
21 2 0
21 3 0
21 4 0
21 5 0
21 6 0
21 7 0.0026
21 8 0.0396
21 9 0.2256
21 10 0.522
21 11 0.225
21 12 0.036
21 13 0.002
21 14 0
22 0 0
22 1 0
22 2 0
22 3 0
22 4 0
22 5 0
22 6 0.0015
22 7 0.018
22 8 0.0591
22 9 0.036
22 10 0.0591
22 11 0.018
22 12 0.0015
22 13 0
22 14 0
23 0 0
23 1 0
23 2 0
23 3 0
23 4 0
23 5 0.002
23 6 0.036
23 7 0.225
23 8 0.522
23 9 0.2256
23 10 0.0396
23 11 0.0026
23 12 0
23 13 0
23 14 0
24 0 0
24 1 0
24 2 0
24 3 0
24 4 0.0015
24 5 0.036
24 6 0.336
24 7 1.476
24 8 2.8305
24 9 1.476
24 10 0.3361
24 11 0.036
24 12 0.0015
24 13 0
24 14 0
25 0 0
25 1 0
25 2 0
25 3 0.0006
25 4 0.018
25 5 0.225
25 6 1.476
25 7 5.214
25 8 8.9136
25 9 5.214
25 10 1.476
25 11 0.225
25 12 0.018
25 13 0.0006
25 14 0
26 0 0
26 1 0
26 2 0.0001
26 3 0.0036
26 4 0.0576
26 5 0.522
26 6 2.8305
26 7 8.9136
26 8 14.4255
26 9 8.9136
26 10 2.8305
26 11 0.522
26 12 0.0576
26 13 0.0036
26 14 0
27 0 0
27 1 0
27 2 0
27 3 0.0006
27 4 0.018
27 5 0.225
27 6 1.476
27 7 5.2134
27 8 8.91
27 9 5.2134
27 10 1.476
27 11 0.225
27 12 0.018
27 13 0.0006
27 14 0
28 0 0
28 1 0
28 2 0
28 3 0
28 4 0.0015
28 5 0.036
28 6 0.3345
28 7 1.458
28 8 2.7729
28 9 1.458
28 10 0.3345
28 11 0.036
28 12 0.0015
28 13 0
28 14 0
29 0 0
29 1 0
29 2 0
29 3 0
29 4 0
29 5 0
29 6 0
29 7 0
29 8 0
29 9 0
29 10 0
29 11 0
29 12 0
29 13 0
29 14 0
