0 41.17
4 0.0842984
8 0.170111
12 0.258665
16 0.363174
20 0.427666
24 0.508324
28 0.60515
32 0.687743
36 0.760914
40 0.856091
44 0.945444
48 1.02363
52 1.11944
56 1.21126
60 1.27691
64 1.42131
68 1.46555
72 1.51704
76 1.73206
80 1.69571
84 1.79399
88 1.97651
92 1.98402
96 2.05374
100 2.15179
104 2.19885
108 2.31606
112 2.55096
116 2.4679
120 2.56855
124 2.647
128 2.71846
132 2.83853
136 2.91733
140 3.14335
144 3.06357
148 3.15578
152 3.24485
156 3.35672
160 3.42074
164 3.51373
168 3.57767
172 3.7764
176 3.77241
180 3.82222
184 3.9194
188 4.17504
192 4.13406
196 4.13589
200 4.23451
204 4.34852
208 4.45754
212 4.53665
216 4.61657
220 4.67245
224 4.76707
228 4.80248
232 4.9347
236 5.04069
240 5.08728
244 5.13695
248 5.26623
252 5.3447
256 5.43623
260 5.56501
264 5.6045
268 5.69298
272 6.03867
276 5.86934
280 5.94265
284 6.07948
288 6.12154
292 6.27478
296 6.30371
300 6.39121
304 6.48969
308 6.54511
312 6.65153
316 6.705
320 6.81692
324 7.12613
328 6.95232
332 7.0755
336 7.1894
340 7.21999
344 7.35271
348 7.33574
352 7.51775
356 8.00054
360 7.64786
364 7.75202
368 7.86039
372 7.89516
376 8.05269
380 8.13574
384 8.1663
388 8.29193
392 8.31116
396 8.87455
400 8.41839
404 8.61646
408 8.69621
412 8.7974
416 8.8488
420 8.96957
424 9.04601
428 9.09874
432 9.19638
436 9.28588
440 9.35792
444 9.47695
448 9.50946
452 9.60241
456 9.75975
460 9.73215
464 9.79978
468 9.8851
472 9.91097
476 10.0251
480 10.0731
484 10.0923
488 10.195
492 10.236
496 10.2955
500 10.3639
504 10.4346
508 10.4971
512 10.5543
516 10.5792
520 10.6478
524 10.7713
528 10.807
532 10.7181
536 10.7572
540 10.6598
544 7.60053
548 7.61529
552 10.2935
556 7.92525
560 7.9351
564 7.83785
568 7.908
572 7.96563
576 8.67476
580 8.07569
584 8.1285
588 8.41834
592 8.5496
596 8.67609
600 8.5066
604 8.40126
608 8.45431
612 8.52403
616 8.5761
620 8.62747
624 8.94303
628 8.75591
632 8.91849
636 8.86597
640 8.89198
644 9.31484
648 8.9995
652 9.08711
656 9.11662
660 9.19739
664 9.58513
668 9.30414
672 9.7211
676 9.81695
680 9.744
684 9.5109
688 9.85278
692 9.61806
696 10.1172
700 9.78009
704 9.81321
708 10.0145
712 9.89439
716 9.97291
720 10.0261
724 10.3525
728 10.4832
732 10.3983
736 10.2427
740 10.5953
744 10.3456
748 10.6641
752 10.7787
756 10.5448
760 10.5667
764 10.6737
768 10.7026
772 10.7802
776 10.8031
780 11.2418
784 11.2933
788 11.4076
792 11.0295
796 11.0652
800 11.149
804 12.1044
808 11.2821
812 11.5484
816 11.3402
820 11.4089
824 11.8042
828 11.7552
832 11.8761
836 11.616
840 11.7137
844 12.702
848 12.1033
852 11.8501
856 12.1708
860 11.9642
864 12.4911
868 12.0636
872 12.4665
876 12.1764
880 12.2471
884 12.3042
888 12.3517
892 12.4047
896 12.838
900 12.5121
904 12.9195
908 13.0165
912 12.711
916 12.9379
920 12.7637
924 13.0859
928 12.8861
932 13.1935
936 13.0084
940 13.0903
944 13.1178
948 13.135
952 13.2318
956 13.3053
960 13.3306
964 13.3659
968 13.4753
972 13.4904
976 13.5169
980 13.5739
984 13.6392
988 11.0589
992 10.4372
996 10.2571
1000 10.2721
